name			G0		SP		T		t_T		t_D1		A1		t_D2		A2		t_D3		t_bl		B		Chi^2
...acja_fitow/corr_dluga.dat	3.786510e-01	(3.000000e+00)	(0.000000e+00)	(1.000000e+00)	8.747790e-04	(1.000000e+00)	(1.000000e+03)	(0.000000e+00)	(1.000000e+04)	2.238300e-07	4.005080e-03	6.442668e-05	
...ow/corr_dluga.szum0.2.dat	2.800930e-03	(3.000000e+00)	(0.000000e+00)	(1.000000e+00)	1.045150e-03	(1.000000e+00)	(1.000000e+03)	(0.000000e+00)	(1.000000e+04)	9.100550e-07	7.247000e-02	5.532457e-03	
...Walidacja_fitow/corr1.dat	7.318010e-01	(3.000000e+00)	(0.000000e+00)	(1.000000e+00)	7.242460e-05	(1.000000e+00)	(1.000000e+03)	(0.000000e+00)	(1.000000e+04)	4.824030e-05	1.028340e-01	1.014592e-05	
...Walidacja_fitow/corr2.dat	7.120180e-01	(3.000000e+00)	(0.000000e+00)	(1.000000e+00)	6.403570e-05	(1.000000e+00)	(1.000000e+03)	(0.000000e+00)	(1.000000e+04)	8.049740e-04	3.810150e-01	6.988139e-06	
...rrelation_tradycyjnie.dat	4.784360e-01	(3.000000e+00)	(0.000000e+00)	(1.000000e+00)	3.374530e-04	(1.000000e+00)	(1.000000e+03)	(0.000000e+00)	(1.000000e+04)	1.010700e-04	3.493620e-02	3.542849e-05	
...tow/correlationLOG_10.dat	2.370180e+00	(3.000000e+00)	(0.000000e+00)	(1.000000e+00)	1.613900e-04	(1.000000e+00)	(1.000000e+03)	(0.000000e+00)	(1.000000e+04)	2.190290e-04	1.038820e-01	2.565996e-05	
...tow/correlationLOG_50.dat	2.532130e+00	(3.000000e+00)	(0.000000e+00)	(1.000000e+00)	7.084040e-04	(1.000000e+00)	(1.000000e+03)	(0.000000e+00)	(1.000000e+04)	4.276200e-08	7.674340e-02	8.232547e-05	
...ow/correlationLOG_200.dat	2.403160e+00	(3.000000e+00)	(0.000000e+00)	(1.000000e+00)	3.799200e-03	(1.000000e+00)	(1.000000e+03)	(0.000000e+00)	(1.000000e+04)	1.924660e-03	1.361930e-01	1.749829e-04	
...ow/correlationLOG_500.dat	2.676090e+00	(3.000000e+00)	(0.000000e+00)	(1.000000e+00)	9.727730e-03	(1.000000e+00)	(1.000000e+03)	(0.000000e+00)	(1.000000e+04)	7.433540e-05	2.580950e-03	1.655706e-04	
