0 2957415.696237 
1 4380187.693082 
2 4372746.685344 
3 16843362.481674 
4 32944420.294842 
5 64809894.467640 
6 126398345.757572 
7 244036572.715453 
8 465426310.086358 
9 867332842.495002 
10 1591454253.954659 
11 2913478598.234486 
12 5388995389.357958 
13 10226632632.230761 
14 19877847774.093922 
15 39063883762.087013 
16 77489528171.337265 
17 154605979353.281494 
18 308512104730.615967 
OK, odtad jest overflow :/
19 -485339780017.186768 
20 130305338471.901932 
21 256697165393.521942 
22 501203241834.715698 
23 -152005630933.409058 
24 -504327612191.334839 
25 333918448058.347107 
26 -483980194492.190247 
27 201940971459.238983 
28 318886922979.261841 
29 -186675581151.843445 

